 0.00000000e+00  1.00000000e+06  0.00000000e+00  0.00000000e+00  0.00000000e+00  1.14356206e+06  0.00000000e+00  1.00000000e+06 
 1.00000000e+00  1.00000000e+06  1.00000000e+00  1.66666667e-01  1.00000000e+00  1.14356206e+06  1.00000000e+00  1.00000000e+06 
 2.00000000e+00  1.00000000e+06  2.00000000e+00  3.33333333e-01  2.00000000e+00  1.14356206e+06  2.00000000e+00  1.00000000e+06 
 3.00000000e+00  1.00000000e+06  3.00000000e+00  5.00000000e-01  3.00000000e+00  1.14356206e+06  3.00000000e+00  1.00000000e+06 
 4.00000000e+00  1.00000000e+06  4.00000000e+00  6.66666667e-01  4.00000000e+00  1.14356206e+06  4.00000000e+00  1.00000000e+06 
 5.00000000e+00  1.00000000e+06  5.00000000e+00  8.33333333e-01  5.00000000e+00  1.14356206e+06  5.00000000e+00  1.00000000e+06 
 6.00000000e+00  1.00000000e+06  6.00000000e+00  1.00000000e+00  6.00000000e+00  1.14356206e+06  6.00000000e+00  1.00000000e+06 
 7.00000000e+00  1.00000000e+06  7.00000000e+00  1.16666667e+00  7.00000000e+00  1.14356206e+06  7.00000000e+00  1.00000000e+06 
 8.00000000e+00  1.00000000e+06  8.00000000e+00  1.33333333e+00  8.00000000e+00  1.14356206e+06  8.00000000e+00  1.00000000e+06 
 9.00000000e+00  1.00000000e+06  9.00000000e+00  1.50000000e+00  9.00000000e+00  1.14356206e+06  9.00000000e+00  1.00000000e+06 
 1.00000000e+01  1.00000000e+06  1.00000000e+01  1.66666667e+00  1.00000000e+01  1.14356206e+06  1.00000000e+01  1.00000000e+06 
 1.10000000e+01  1.00000000e+06  1.10000000e+01  1.83333333e+00  1.10000000e+01  1.14356206e+06  1.10000000e+01  1.00000000e+06 
 1.20000000e+01  1.00000000e+06  1.20000000e+01  2.00000000e+00  1.20000000e+01  1.14356206e+06  1.20000000e+01  1.00000000e+06 
 1.30000000e+01  1.00000000e+06  1.30000000e+01  2.16666667e+00  1.30000000e+01  1.14356206e+06  1.30000000e+01  1.00000000e+06 
 1.40000000e+01  1.00000000e+06  1.40000000e+01  2.33333333e+00  1.40000000e+01  1.14356206e+06  1.40000000e+01  1.00000000e+06 
 1.50000000e+01  1.00000000e+06  1.50000000e+01  2.50000000e+00  1.50000000e+01  1.14356206e+06  1.50000000e+01  1.00000000e+06 
